   2.10000000000000e+07  -1.05000000000000e+07  -1.55219342859963e-09  -1.05000000000000e+07   1.05000000000000e+07   9.09253859047268e-10  -1.05000000000000e+07   6.42939569552360e-10   6.42939569552360e-10  -6.74891902197836e-26  -3.67394039744206e-10   2.24963967399279e-26
  -1.05000000000000e+07   1.25000000000000e+07   7.86789179132533e-10   1.05000000000000e+07  -1.05000000000000e+07  -9.09253859047268e-10   6.42939569552360e-10  -3.93686942948738e-26  -3.93686942948738e-26  -3.67394039744206e-10  -2.00000000000000e+06   1.22464679914735e-10
  -1.55219342859963e-09   7.86789179132533e-10   1.25604881797931e-25   9.09253859047268e-10  -9.09253859047268e-10  -7.87373885897475e-26   6.42939569552360e-10  -3.93686942948738e-26  -3.93686942948738e-26   2.24963967399279e-26   1.22464679914735e-10  -7.49879891330929e-27
  -1.05000000000000e+07   1.05000000000000e+07   9.09253859047268e-10   1.05000000000000e+07  -1.05000000000000e+07  -9.09253859047268e-10   0.00000000000000e+00   0.00000000000000e+00   0.00000000000000e+00   0.00000000000000e+00   0.00000000000000e+00   0.00000000000000e+00
   1.05000000000000e+07  -1.05000000000000e+07  -9.09253859047268e-10  -1.05000000000000e+07   1.05000000000000e+07   9.09253859047268e-10   0.00000000000000e+00   0.00000000000000e+00   0.00000000000000e+00   0.00000000000000e+00   0.00000000000000e+00   0.00000000000000e+00
   9.09253859047268e-10  -9.09253859047268e-10  -7.87373885897475e-26  -9.09253859047268e-10   9.09253859047268e-10   7.87373885897475e-26   0.00000000000000e+00   0.00000000000000e+00   0.00000000000000e+00   0.00000000000000e+00   0.00000000000000e+00   0.00000000000000e+00
  -1.05000000000000e+07   6.42939569552360e-10   6.42939569552360e-10   0.00000000000000e+00   0.00000000000000e+00   0.00000000000000e+00   1.05000000000000e+07  -6.42939569552360e-10  -6.42939569552360e-10   0.00000000000000e+00   0.00000000000000e+00   0.00000000000000e+00
   6.42939569552360e-10  -3.93686942948738e-26  -3.93686942948738e-26   0.00000000000000e+00   0.00000000000000e+00   0.00000000000000e+00  -6.42939569552360e-10   3.93686942948738e-26   3.93686942948738e-26   0.00000000000000e+00   0.00000000000000e+00   0.00000000000000e+00
   6.42939569552360e-10  -3.93686942948738e-26  -3.93686942948738e-26   0.00000000000000e+00   0.00000000000000e+00   0.00000000000000e+00  -6.42939569552360e-10   3.93686942948738e-26   3.93686942948738e-26   0.00000000000000e+00   0.00000000000000e+00   0.00000000000000e+00
  -6.74891902197836e-26  -3.67394039744206e-10   2.24963967399279e-26   0.00000000000000e+00   0.00000000000000e+00   0.00000000000000e+00   0.00000000000000e+00   0.00000000000000e+00   0.00000000000000e+00   6.74891902197836e-26   3.67394039744206e-10  -2.24963967399279e-26
  -3.67394039744206e-10  -2.00000000000000e+06   1.22464679914735e-10   0.00000000000000e+00   0.00000000000000e+00   0.00000000000000e+00   0.00000000000000e+00   0.00000000000000e+00   0.00000000000000e+00   3.67394039744206e-10   2.00000000000000e+06  -1.22464679914735e-10
   2.24963967399279e-26   1.22464679914735e-10  -7.49879891330929e-27   0.00000000000000e+00   0.00000000000000e+00   0.00000000000000e+00   0.00000000000000e+00   0.00000000000000e+00   0.00000000000000e+00  -2.24963967399279e-26  -1.22464679914735e-10   7.49879891330929e-27
